Index	Energy(W)	Delay(sec) AreaCore(mm^2)	AreaL2(mm^2)	PeakPower(W)	Core:PeakDyn	Core:Subth.Leak	Core:GateLeak	L2:PeakDyn	L2:Subth.Leak	L2:GateLeak

1	706.753928	0.497604	9.49673	8.72568	7.91414	4.96036	1.07434	0.00659847	1.60598	0.00537982	0.00122777
2	1278.050725	0.371586	27.1358	17.9953	25.5622	17.7267	2.40001	0.0153372	5.14447	0.0125857	0.00283217 
3	593.436859	0.704112	4.46253	2.12555	2.76861	1.4554	0.678851	0.00356408	0.368854	0.00148306	0.000201415
4	1283.577215	0.371548	27.1358	25.8104	26.0527	17.7267	2.40001	0.0153372	5.62943	0.0170355	0.00391059
5	1295.447941	0.371562	26.988	63.5151	27.3745	17.6061	2.3919	0.015225	7.05878	0.0342731	0.0079159
6	882.274969	1.165932	3.72369	1.97895	1.78807	0.755618	0.611798	0.00319756	0.155603	0.00140717	0.000189986
7	965.840522	0.705673	7.15183	7.68591	3.83009	1.92264	1.09545	0.0072454	0.539259	0.0046776	0.000568258	
8	1133.176288	1.165878	5.13381	6.37949	2.22593	0.917255	0.793678	0.00471982	0.245143	0.00445064	0.000433207
9	966.250620	0.704097	7.22483	7.0038	3.86567	1.95501	1.098	0.00726281	0.539842	0.00472789	0.000571604
10	843.625338	0.497491	11.0402	38.4333	9.22886	5.36286	1.18338	0.00728232	2.39516	0.0163995	0.00351474	
11	972.788372	0.703928	7.22483	13.3224	3.99078	1.95501	1.098	0.00726281	0.660042	0.00910636	0.00110378
12	837.925686	0.704421	6.85161	7.67752	4.00471	2.28865	0.904051	0.00536875	0.540844	0.00494005	0.000605182
13	1766.225933	0.373242	37.1819	83.7665	32.4405	21.4569	2.92846	0.0186976	7.72419	0.0426703	0.00936352	
14	1484.098652	0.704056	12.2715	7.0038	5.36199	2.76082	1.78243	0.0133423	0.539842	0.00472789	0.000571604
15	1114.751585	0.704048	12.3571	 7.0038	4.83902	2.76917	1.25637	0.00808866	0.539842	0.00472789	0.000571604
16	1062.424378	0.497474	14.744	38.4333	10.8362	6.73154	1.42054	0.00882021	2.39516	0.0163995	0.00351474
17	1109.895835	0.497474	17.0885	38.4333	11.9513	7.70821	1.55815	0.00964531	2.39516	0.0163995	0.00351474
18	1106.188919	0.497261	17.0885	17.2367	11.2832	7.70821	1.55815	0.00964531	1.73337	0.011754	0.00179701
19	1016.470993	0.704056	9.27125	7.0038	4.98938	3.09368	1.0839	0.00640839	0.539842	0.00472789	0.000571604
20	608.683585	0.704063	4.53951	7.0038	2.96473	1.46624	0.689506	0.00359262	0.539842	0.00472789	0.000571604
21	961.867393	0.704119	7.22483	4.1658	3.75956	1.95501	1.098	0.00726281	0.435844	0.00278925	0.000397114
22	1315.034522	0.371549	26.8722	63.5151	27.2066	17.4431	2.38722	0.0150925	7.05878	0.0342731	0.0079159	

