Index	Energy(W)	Delay(sec) AreaCore(mm^2)	AreaL2(mm^2)	PeakPower(W)	Core:PeakDyn	Core:Subth.Leak	Core:GateLeak	L2:PeakDyn	L2:Subth.Leak	L2:GateLeak

1	132.972444	0.146920	4.53951	7.0038	2.96473	1.46624	0.689506	0.00359262	0.539842	0.00472789	0.000571604
2	170.644744 	0.111847	7.15183	7.68591	3.83009	1.92264	1.09545	0.0072454	0.539259	0.0046776	 0.000568258
3	167.765105	0.109967	7.22483	7.0038	3.86567	1.95501	1.098	0.00726281	0.539842	0.00472789	0.000571604
4	120.057513	0.111747	5.13381	6.37949	2.22593	0.917255	0.793678	0.00471982	0.245143	0.00445064	0.000433207
5	198.400884	0.107265	11.0402	38.4333	9.22886	5.36286	1.18338	0.00728232	2.39516	0.0163995	0.00351474
6	167.928025	0.109109	7.22483	13.3224	3.99078	1.95501	1.098	0.00726281	0.660042	0.00910636	0.00110378
7	146.673631	0.109052	6.85161	7.67752	4.00471	2.28865	0.904051	0.00536875	0.540844	0.00494005	0.000605182	
8	253.124698	0.109013	12.2715	7.0038	5.36199	2.76082	1.78243	0.0133423	0.539842	0.00472789	0.000571604
9	196.947294	0.108974	12.3571	7.0038	4.83902	2.76917	1.25637	0.00808866	0.539842	0.00472789	0.000571604
10	262.069030	0.107135	14.744	38.4333	10.8362	6.73154	1.4205	0.00882021	2.39516	0.0163995	0.00351474	
11	261.231332	0.107127	14.744	17.2367	10.1681	6.73154	1.42054	0.00882021	1.73337	0.011754	0.00179701
12	261.257578	0.107127	14.744	18.5821	10.1693	6.73154	1.42054	0.00882021	1.73437	0.0119662	0.00183058
13	276.677316	0.107135	17.0885	38.4333	11.9513	7.70821	1.55815	0.00964531	2.39516	0.0163995	0.00351474
14	187.702979	0.108966	9.27125	7.0038	4.98938	3.09368	1.0839	0.00640839	0.539842	0.00472789	0.000571604
15	167.433985	0.10934	7.22483	4.1658	3.75956	1.95501	1.098	0.00726281	0.435844	0.00278925	0.000397114
16	404.385613	0.111875	26.8722	63.5151	27.2066	17.4431	2.38722	0.0150925	7.05878	0.0342731	0.0079159
